version https://git-lfs.github.com/spec/v1
oid sha256:0ed38bbae2d0abac101af1e9de1582a6b33ebb1f7cca5154132d47e427933edb
size 1262
